24.89111956
49.78223912
49.78223912
74.67335869
99.56447825
124.45559781
149.34671737
174.23783693
199.12895649
224.02007606
248.91119562
273.80231518
298.69343474
323.58455430
348.47567387
348.47567387
373.36679343
373.36679343
248.91119562
273.80231518
298.69343474
323.58455430
348.47567387
373.36679343
398.25791299
348.47567387
373.36679343
398.25791299
24.89111956
24.89111956
49.78223912
74.67335869
99.56447825
99.56447825
124.45559781
149.34671737
174.23783693
49.78223912
74.67335869
99.56447825
124.45559781
99.56447825
124.45559781
149.34671737
174.23783693
199.12895649
74.67335869
99.56447825
124.45559781
24.89111956
24.89111956
49.78223912
74.67335869
99.56447825
124.45559781
149.34671737
174.23783693
199.12895649
224.02007606
248.91119562
273.80231518
298.69343474
323.58455430
323.58455430
348.47567387
348.47567387
224.02007606
248.91119562
273.80231518
298.69343474
323.58455430
348.47567387
373.36679343
323.58455430
348.47567387
373.36679343
49.78223912
49.78223912
74.67335869
99.56447825
124.45559781
124.45559781
149.34671737
174.23783693
199.12895649
74.67335869
99.56447825
124.45559781
149.34671737
124.45559781
149.34671737
174.23783693
199.12895649
224.02007606
99.56447825
124.45559781
149.34671737
49.78223912
74.67335869
99.56447825
124.45559781
149.34671737
174.23783693
199.12895649
224.02007606
248.91119562
273.80231518
298.69343474
323.58455430
348.47567387
348.47567387
373.36679343
373.36679343
248.91119562
273.80231518
298.69343474
323.58455430
348.47567387
373.36679343
398.25791299
348.47567387
373.36679343
398.25791299
74.67335869
74.67335869
99.56447825
124.45559781
149.34671737
149.34671737
174.23783693
199.12895649
224.02007606
99.56447825
124.45559781
149.34671737
174.23783693
149.34671737
174.23783693
199.12895649
224.02007606
248.91119562
124.45559781
149.34671737
174.23783693
24.89111956
49.78223912
74.67335869
99.56447825
124.45559781
149.34671737
174.23783693
199.12895649
224.02007606
248.91119562
273.80231518
298.69343474
298.69343474
323.58455430
323.58455430
199.12895649
224.02007606
248.91119562
273.80231518
298.69343474
323.58455430
348.47567387
298.69343474
323.58455430
348.47567387
74.67335869
74.67335869
99.56447825
124.45559781
149.34671737
149.34671737
174.23783693
199.12895649
224.02007606
99.56447825
124.45559781
149.34671737
174.23783693
149.34671737
174.23783693
199.12895649
224.02007606
248.91119562
124.45559781
149.34671737
174.23783693
24.89111956
49.78223912
74.67335869
99.56447825
124.45559781
149.34671737
174.23783693
199.12895649
224.02007606
248.91119562
273.80231518
273.80231518
298.69343474
298.69343474
174.23783693
199.12895649
224.02007606
248.91119562
273.80231518
298.69343474
323.58455430
273.80231518
298.69343474
323.58455430
99.56447825
99.56447825
124.45559781
149.34671737
174.23783693
174.23783693
199.12895649
224.02007606
248.91119562
124.45559781
149.34671737
174.23783693
199.12895649
174.23783693
199.12895649
224.02007606
248.91119562
273.80231518
149.34671737
174.23783693
199.12895649
24.89111956
49.78223912
74.67335869
99.56447825
124.45559781
149.34671737
174.23783693
199.12895649
224.02007606
248.91119562
248.91119562
273.80231518
273.80231518
149.34671737
174.23783693
199.12895649
224.02007606
248.91119562
273.80231518
298.69343474
248.91119562
273.80231518
298.69343474
124.45559781
124.45559781
149.34671737
174.23783693
199.12895649
199.12895649
224.02007606
248.91119562
273.80231518
149.34671737
174.23783693
199.12895649
224.02007606
199.12895649
224.02007606
248.91119562
273.80231518
298.69343474
174.23783693
199.12895649
224.02007606
24.89111956
49.78223912
74.67335869
99.56447825
124.45559781
149.34671737
174.23783693
199.12895649
224.02007606
224.02007606
248.91119562
248.91119562
124.45559781
149.34671737
174.23783693
199.12895649
224.02007606
248.91119562
273.80231518
224.02007606
248.91119562
273.80231518
149.34671737
149.34671737
174.23783693
199.12895649
224.02007606
224.02007606
248.91119562
273.80231518
298.69343474
174.23783693
199.12895649
224.02007606
248.91119562
224.02007606
248.91119562
273.80231518
298.69343474
323.58455430
199.12895649
224.02007606
248.91119562
24.89111956
49.78223912
74.67335869
99.56447825
124.45559781
149.34671737
174.23783693
199.12895649
199.12895649
224.02007606
224.02007606
99.56447825
124.45559781
149.34671737
174.23783693
199.12895649
224.02007606
248.91119562
199.12895649
224.02007606
248.91119562
174.23783693
174.23783693
199.12895649
224.02007606
248.91119562
248.91119562
273.80231518
298.69343474
323.58455430
199.12895649
224.02007606
248.91119562
273.80231518
248.91119562
273.80231518
298.69343474
323.58455430
348.47567387
224.02007606
248.91119562
273.80231518
24.89111956
49.78223912
74.67335869
99.56447825
124.45559781
149.34671737
174.23783693
174.23783693
199.12895649
199.12895649
74.67335869
99.56447825
124.45559781
149.34671737
174.23783693
199.12895649
224.02007606
174.23783693
199.12895649
224.02007606
199.12895649
199.12895649
224.02007606
248.91119562
273.80231518
273.80231518
298.69343474
323.58455430
348.47567387
224.02007606
248.91119562
273.80231518
298.69343474
273.80231518
298.69343474
323.58455430
348.47567387
373.36679343
248.91119562
273.80231518
298.69343474
24.89111956
49.78223912
74.67335869
99.56447825
124.45559781
149.34671737
149.34671737
174.23783693
174.23783693
49.78223912
74.67335869
99.56447825
124.45559781
149.34671737
174.23783693
199.12895649
149.34671737
174.23783693
199.12895649
224.02007606
224.02007606
248.91119562
273.80231518
298.69343474
298.69343474
323.58455430
348.47567387
373.36679343
248.91119562
273.80231518
298.69343474
323.58455430
298.69343474
323.58455430
348.47567387
373.36679343
398.25791299
273.80231518
298.69343474
323.58455430
24.89111956
49.78223912
74.67335869
99.56447825
124.45559781
124.45559781
149.34671737
149.34671737
24.89111956
49.78223912
74.67335869
99.56447825
124.45559781
149.34671737
174.23783693
124.45559781
149.34671737
174.23783693
248.91119562
248.91119562
273.80231518
298.69343474
323.58455430
323.58455430
348.47567387
373.36679343
398.25791299
273.80231518
298.69343474
323.58455430
348.47567387
323.58455430
348.47567387
373.36679343
398.25791299
423.14903255
298.69343474
323.58455430
348.47567387
24.89111956
49.78223912
74.67335869
99.56447825
99.56447825
124.45559781
124.45559781
49.78223912
74.67335869
99.56447825
124.45559781
149.34671737
174.23783693
199.12895649
149.34671737
174.23783693
199.12895649
273.80231518
273.80231518
298.69343474
323.58455430
348.47567387
348.47567387
373.36679343
398.25791299
423.14903255
298.69343474
323.58455430
348.47567387
373.36679343
348.47567387
373.36679343
398.25791299
423.14903255
448.04015211
323.58455430
348.47567387
373.36679343
24.89111956
49.78223912
74.67335869
74.67335869
99.56447825
99.56447825
74.67335869
99.56447825
124.45559781
149.34671737
174.23783693
199.12895649
224.02007606
174.23783693
199.12895649
224.02007606
298.69343474
298.69343474
323.58455430
348.47567387
373.36679343
373.36679343
398.25791299
423.14903255
448.04015211
323.58455430
348.47567387
373.36679343
398.25791299
373.36679343
398.25791299
423.14903255
448.04015211
472.93127167
348.47567387
373.36679343
398.25791299
24.89111956
49.78223912
49.78223912
74.67335869
74.67335869
99.56447825
124.45559781
149.34671737
174.23783693
199.12895649
224.02007606
248.91119562
199.12895649
224.02007606
248.91119562
323.58455430
323.58455430
348.47567387
373.36679343
398.25791299
398.25791299
423.14903255
448.04015211
472.93127167
348.47567387
373.36679343
398.25791299
423.14903255
398.25791299
423.14903255
448.04015211
472.93127167
497.82239124
373.36679343
398.25791299
423.14903255
24.89111956
24.89111956
49.78223912
49.78223912
124.45559781
149.34671737
174.23783693
199.12895649
224.02007606
248.91119562
273.80231518
224.02007606
248.91119562
273.80231518
348.47567387
348.47567387
373.36679343
398.25791299
423.14903255
423.14903255
448.04015211
472.93127167
497.82239124
373.36679343
398.25791299
423.14903255
448.04015211
423.14903255
448.04015211
472.93127167
497.82239124
522.71351080
398.25791299
423.14903255
448.04015211
49.78223912
74.67335869
74.67335869
149.34671737
174.23783693
199.12895649
224.02007606
248.91119562
273.80231518
298.69343474
248.91119562
273.80231518
298.69343474
373.36679343
373.36679343
398.25791299
423.14903255
448.04015211
448.04015211
472.93127167
497.82239124
522.71351080
398.25791299
423.14903255
448.04015211
472.93127167
448.04015211
472.93127167
497.82239124
522.71351080
547.60463036
423.14903255
448.04015211
472.93127167
24.89111956
24.89111956
149.34671737
174.23783693
199.12895649
224.02007606
248.91119562
273.80231518
298.69343474
248.91119562
273.80231518
298.69343474
373.36679343
373.36679343
398.25791299
423.14903255
448.04015211
448.04015211
472.93127167
497.82239124
522.71351080
398.25791299
423.14903255
448.04015211
472.93127167
448.04015211
472.93127167
497.82239124
522.71351080
547.60463036
423.14903255
448.04015211
472.93127167
49.78223912
174.23783693
199.12895649
224.02007606
248.91119562
273.80231518
298.69343474
323.58455430
273.80231518
298.69343474
323.58455430
398.25791299
398.25791299
423.14903255
448.04015211
472.93127167
472.93127167
497.82239124
522.71351080
547.60463036
423.14903255
448.04015211
472.93127167
497.82239124
472.93127167
497.82239124
522.71351080
547.60463036
572.49574992
448.04015211
472.93127167
497.82239124
174.23783693
199.12895649
224.02007606
248.91119562
273.80231518
298.69343474
323.58455430
273.80231518
298.69343474
323.58455430
398.25791299
398.25791299
423.14903255
448.04015211
472.93127167
472.93127167
497.82239124
522.71351080
547.60463036
423.14903255
448.04015211
472.93127167
497.82239124
472.93127167
497.82239124
522.71351080
547.60463036
572.49574992
448.04015211
472.93127167
497.82239124
24.89111956
49.78223912
74.67335869
99.56447825
124.45559781
149.34671737
99.56447825
124.45559781
149.34671737
273.80231518
273.80231518
298.69343474
323.58455430
348.47567387
348.47567387
373.36679343
398.25791299
423.14903255
298.69343474
323.58455430
348.47567387
373.36679343
348.47567387
373.36679343
398.25791299
423.14903255
448.04015211
323.58455430
348.47567387
373.36679343
24.89111956
49.78223912
74.67335869
99.56447825
124.45559781
74.67335869
99.56447825
124.45559781
298.69343474
298.69343474
323.58455430
348.47567387
373.36679343
373.36679343
398.25791299
423.14903255
448.04015211
323.58455430
348.47567387
373.36679343
398.25791299
373.36679343
398.25791299
423.14903255
448.04015211
472.93127167
348.47567387
373.36679343
398.25791299
24.89111956
49.78223912
74.67335869
99.56447825
49.78223912
74.67335869
99.56447825
323.58455430
323.58455430
348.47567387
373.36679343
398.25791299
398.25791299
423.14903255
448.04015211
472.93127167
348.47567387
373.36679343
398.25791299
423.14903255
398.25791299
423.14903255
448.04015211
472.93127167
497.82239124
373.36679343
398.25791299
423.14903255
24.89111956
49.78223912
74.67335869
24.89111956
49.78223912
74.67335869
348.47567387
348.47567387
373.36679343
398.25791299
423.14903255
423.14903255
448.04015211
472.93127167
497.82239124
373.36679343
398.25791299
423.14903255
448.04015211
423.14903255
448.04015211
472.93127167
497.82239124
522.71351080
398.25791299
423.14903255
448.04015211
24.89111956
49.78223912
49.78223912
74.67335869
99.56447825
373.36679343
373.36679343
398.25791299
423.14903255
448.04015211
448.04015211
472.93127167
497.82239124
522.71351080
398.25791299
423.14903255
448.04015211
472.93127167
448.04015211
472.93127167
497.82239124
522.71351080
547.60463036
423.14903255
448.04015211
472.93127167
24.89111956
74.67335869
99.56447825
124.45559781
398.25791299
398.25791299
423.14903255
448.04015211
472.93127167
472.93127167
497.82239124
522.71351080
547.60463036
423.14903255
448.04015211
472.93127167
497.82239124
472.93127167
497.82239124
522.71351080
547.60463036
572.49574992
448.04015211
472.93127167
497.82239124
99.56447825
124.45559781
149.34671737
423.14903255
423.14903255
448.04015211
472.93127167
497.82239124
497.82239124
522.71351080
547.60463036
572.49574992
448.04015211
472.93127167
497.82239124
522.71351080
497.82239124
522.71351080
547.60463036
572.49574992
597.38686948
472.93127167
497.82239124
522.71351080
24.89111956
49.78223912
373.36679343
373.36679343
398.25791299
423.14903255
448.04015211
448.04015211
472.93127167
497.82239124
522.71351080
398.25791299
423.14903255
448.04015211
472.93127167
448.04015211
472.93127167
497.82239124
522.71351080
547.60463036
423.14903255
448.04015211
472.93127167
24.89111956
398.25791299
398.25791299
423.14903255
448.04015211
472.93127167
472.93127167
497.82239124
522.71351080
547.60463036
423.14903255
448.04015211
472.93127167
497.82239124
472.93127167
497.82239124
522.71351080
547.60463036
572.49574992
448.04015211
472.93127167
497.82239124
423.14903255
423.14903255
448.04015211
472.93127167
497.82239124
497.82239124
522.71351080
547.60463036
572.49574992
448.04015211
472.93127167
497.82239124
522.71351080
497.82239124
522.71351080
547.60463036
572.49574992
597.38686948
472.93127167
497.82239124
522.71351080
49.78223912
74.67335869
99.56447825
124.45559781
124.45559781
149.34671737
174.23783693
199.12895649
74.67335869
99.56447825
124.45559781
149.34671737
124.45559781
149.34671737
174.23783693
199.12895649
224.02007606
99.56447825
124.45559781
149.34671737
24.89111956
49.78223912
74.67335869
74.67335869
99.56447825
124.45559781
149.34671737
24.89111956
49.78223912
74.67335869
99.56447825
74.67335869
99.56447825
124.45559781
149.34671737
174.23783693
49.78223912
74.67335869
99.56447825
24.89111956
49.78223912
49.78223912
74.67335869
99.56447825
124.45559781
49.78223912
74.67335869
99.56447825
124.45559781
99.56447825
124.45559781
149.34671737
174.23783693
199.12895649
74.67335869
99.56447825
124.45559781
24.89111956
24.89111956
49.78223912
74.67335869
99.56447825
74.67335869
99.56447825
124.45559781
149.34671737
124.45559781
149.34671737
174.23783693
199.12895649
224.02007606
99.56447825
124.45559781
149.34671737
49.78223912
74.67335869
99.56447825
124.45559781
99.56447825
124.45559781
149.34671737
174.23783693
149.34671737
174.23783693
199.12895649
224.02007606
248.91119562
124.45559781
149.34671737
174.23783693
24.89111956
49.78223912
74.67335869
99.56447825
124.45559781
149.34671737
174.23783693
149.34671737
174.23783693
199.12895649
224.02007606
248.91119562
124.45559781
149.34671737
174.23783693
24.89111956
49.78223912
124.45559781
149.34671737
174.23783693
199.12895649
174.23783693
199.12895649
224.02007606
248.91119562
273.80231518
149.34671737
174.23783693
199.12895649
24.89111956
149.34671737
174.23783693
199.12895649
224.02007606
199.12895649
224.02007606
248.91119562
273.80231518
298.69343474
174.23783693
199.12895649
224.02007606
174.23783693
199.12895649
224.02007606
248.91119562
224.02007606
248.91119562
273.80231518
298.69343474
323.58455430
199.12895649
224.02007606
248.91119562
24.89111956
49.78223912
74.67335869
49.78223912
74.67335869
99.56447825
124.45559781
149.34671737
24.89111956
49.78223912
74.67335869
24.89111956
49.78223912
24.89111956
49.78223912
74.67335869
99.56447825
124.45559781
49.78223912
74.67335869
99.56447825
24.89111956
49.78223912
74.67335869
99.56447825
124.45559781
149.34671737
74.67335869
99.56447825
124.45559781
74.67335869
99.56447825
124.45559781
149.34671737
174.23783693
99.56447825
124.45559781
149.34671737
24.89111956
49.78223912
74.67335869
99.56447825
74.67335869
99.56447825
124.45559781
24.89111956
49.78223912
74.67335869
99.56447825
124.45559781
149.34671737
24.89111956
49.78223912
124.45559781
149.34671737
174.23783693
24.89111956
149.34671737
174.23783693
199.12895649
174.23783693
199.12895649
224.02007606
24.89111956
49.78223912
24.89111956
