32.33047048
32.33047048
32.33047048
64.66094097
96.99141145
129.32188193
161.65235242
193.98282290
226.31329338
258.64376387
290.97423435
323.30470483
355.63517532
387.96564580
420.29611628
96.99141145
129.32188193
161.65235242
193.98282290
226.31329338
258.64376387
290.97423435
323.30470483
355.63517532
387.96564580
420.29611628
452.62658676
355.63517532
387.96564580
420.29611628
452.62658676
420.29611628
452.62658676
484.95705725
420.29611628
452.62658676
129.32188193
32.33047048
64.66094097
64.66094097
96.99141145
64.66094097
96.99141145
129.32188193
161.65235242
161.65235242
96.99141145
129.32188193
96.99141145
64.66094097
64.66094097
96.99141145
129.32188193
161.65235242
193.98282290
226.31329338
258.64376387
290.97423435
323.30470483
355.63517532
387.96564580
420.29611628
452.62658676
129.32188193
161.65235242
193.98282290
226.31329338
258.64376387
290.97423435
323.30470483
355.63517532
387.96564580
420.29611628
452.62658676
484.95705725
387.96564580
420.29611628
452.62658676
484.95705725
452.62658676
484.95705725
517.28752773
452.62658676
484.95705725
161.65235242
64.66094097
96.99141145
96.99141145
129.32188193
96.99141145
129.32188193
161.65235242
193.98282290
193.98282290
129.32188193
161.65235242
129.32188193
64.66094097
96.99141145
129.32188193
161.65235242
193.98282290
226.31329338
258.64376387
290.97423435
323.30470483
355.63517532
387.96564580
420.29611628
452.62658676
129.32188193
161.65235242
193.98282290
226.31329338
258.64376387
290.97423435
323.30470483
355.63517532
387.96564580
420.29611628
452.62658676
484.95705725
387.96564580
420.29611628
452.62658676
484.95705725
452.62658676
484.95705725
517.28752773
452.62658676
484.95705725
161.65235242
64.66094097
96.99141145
96.99141145
129.32188193
96.99141145
129.32188193
161.65235242
193.98282290
193.98282290
129.32188193
161.65235242
129.32188193
32.33047048
64.66094097
96.99141145
129.32188193
161.65235242
193.98282290
226.31329338
258.64376387
290.97423435
323.30470483
355.63517532
387.96564580
64.66094097
96.99141145
129.32188193
161.65235242
193.98282290
226.31329338
258.64376387
290.97423435
323.30470483
355.63517532
387.96564580
420.29611628
323.30470483
355.63517532
387.96564580
420.29611628
387.96564580
420.29611628
452.62658676
387.96564580
420.29611628
96.99141145
64.66094097
96.99141145
96.99141145
129.32188193
96.99141145
129.32188193
161.65235242
193.98282290
193.98282290
129.32188193
161.65235242
129.32188193
32.33047048
64.66094097
96.99141145
129.32188193
161.65235242
193.98282290
226.31329338
258.64376387
290.97423435
323.30470483
355.63517532
32.33047048
64.66094097
96.99141145
129.32188193
161.65235242
193.98282290
226.31329338
258.64376387
290.97423435
323.30470483
355.63517532
387.96564580
290.97423435
323.30470483
355.63517532
387.96564580
355.63517532
387.96564580
420.29611628
355.63517532
387.96564580
64.66094097
96.99141145
129.32188193
129.32188193
161.65235242
129.32188193
161.65235242
193.98282290
226.31329338
226.31329338
161.65235242
193.98282290
161.65235242
32.33047048
64.66094097
96.99141145
129.32188193
161.65235242
193.98282290
226.31329338
258.64376387
290.97423435
323.30470483
64.66094097
96.99141145
129.32188193
161.65235242
193.98282290
226.31329338
258.64376387
290.97423435
323.30470483
355.63517532
387.96564580
420.29611628
323.30470483
355.63517532
387.96564580
420.29611628
387.96564580
420.29611628
452.62658676
387.96564580
420.29611628
96.99141145
129.32188193
161.65235242
161.65235242
193.98282290
161.65235242
193.98282290
226.31329338
258.64376387
258.64376387
193.98282290
226.31329338
193.98282290
32.33047048
64.66094097
96.99141145
129.32188193
161.65235242
193.98282290
226.31329338
258.64376387
290.97423435
96.99141145
129.32188193
161.65235242
193.98282290
226.31329338
258.64376387
290.97423435
323.30470483
355.63517532
387.96564580
420.29611628
452.62658676
355.63517532
387.96564580
420.29611628
452.62658676
420.29611628
452.62658676
484.95705725
420.29611628
452.62658676
129.32188193
161.65235242
193.98282290
193.98282290
226.31329338
193.98282290
226.31329338
258.64376387
290.97423435
290.97423435
226.31329338
258.64376387
226.31329338
32.33047048
64.66094097
96.99141145
129.32188193
161.65235242
193.98282290
226.31329338
258.64376387
129.32188193
161.65235242
193.98282290
226.31329338
258.64376387
290.97423435
323.30470483
355.63517532
387.96564580
420.29611628
452.62658676
484.95705725
387.96564580
420.29611628
452.62658676
484.95705725
452.62658676
484.95705725
517.28752773
452.62658676
484.95705725
161.65235242
193.98282290
226.31329338
226.31329338
258.64376387
226.31329338
258.64376387
290.97423435
323.30470483
323.30470483
258.64376387
290.97423435
258.64376387
32.33047048
64.66094097
96.99141145
129.32188193
161.65235242
193.98282290
226.31329338
161.65235242
193.98282290
226.31329338
258.64376387
290.97423435
323.30470483
355.63517532
387.96564580
420.29611628
452.62658676
484.95705725
517.28752773
420.29611628
452.62658676
484.95705725
517.28752773
484.95705725
517.28752773
549.61799821
484.95705725
517.28752773
193.98282290
226.31329338
258.64376387
258.64376387
290.97423435
258.64376387
290.97423435
323.30470483
355.63517532
355.63517532
290.97423435
323.30470483
290.97423435
32.33047048
64.66094097
96.99141145
129.32188193
161.65235242
193.98282290
193.98282290
226.31329338
258.64376387
290.97423435
323.30470483
355.63517532
387.96564580
420.29611628
452.62658676
484.95705725
517.28752773
549.61799821
452.62658676
484.95705725
517.28752773
549.61799821
517.28752773
549.61799821
581.94846870
517.28752773
549.61799821
226.31329338
258.64376387
290.97423435
290.97423435
323.30470483
290.97423435
323.30470483
355.63517532
387.96564580
387.96564580
323.30470483
355.63517532
323.30470483
32.33047048
64.66094097
96.99141145
129.32188193
161.65235242
226.31329338
258.64376387
290.97423435
323.30470483
355.63517532
387.96564580
420.29611628
452.62658676
484.95705725
517.28752773
549.61799821
581.94846870
484.95705725
517.28752773
549.61799821
581.94846870
549.61799821
581.94846870
614.27893918
549.61799821
581.94846870
258.64376387
290.97423435
323.30470483
323.30470483
355.63517532
323.30470483
355.63517532
387.96564580
420.29611628
420.29611628
355.63517532
387.96564580
355.63517532
32.33047048
64.66094097
96.99141145
129.32188193
258.64376387
290.97423435
323.30470483
355.63517532
387.96564580
420.29611628
452.62658676
484.95705725
517.28752773
549.61799821
581.94846870
614.27893918
517.28752773
549.61799821
581.94846870
614.27893918
581.94846870
614.27893918
646.60940966
581.94846870
614.27893918
290.97423435
323.30470483
355.63517532
355.63517532
387.96564580
355.63517532
387.96564580
420.29611628
452.62658676
452.62658676
387.96564580
420.29611628
387.96564580
32.33047048
64.66094097
96.99141145
290.97423435
323.30470483
355.63517532
387.96564580
420.29611628
452.62658676
484.95705725
517.28752773
549.61799821
581.94846870
614.27893918
646.60940966
549.61799821
581.94846870
614.27893918
646.60940966
614.27893918
646.60940966
678.93988015
614.27893918
646.60940966
323.30470483
355.63517532
387.96564580
387.96564580
420.29611628
387.96564580
420.29611628
452.62658676
484.95705725
484.95705725
420.29611628
452.62658676
420.29611628
32.33047048
64.66094097
323.30470483
355.63517532
387.96564580
420.29611628
452.62658676
484.95705725
517.28752773
549.61799821
581.94846870
614.27893918
646.60940966
678.93988015
581.94846870
614.27893918
646.60940966
678.93988015
646.60940966
678.93988015
711.27035063
646.60940966
678.93988015
355.63517532
387.96564580
420.29611628
420.29611628
452.62658676
420.29611628
452.62658676
484.95705725
517.28752773
517.28752773
452.62658676
484.95705725
452.62658676
32.33047048
355.63517532
387.96564580
420.29611628
452.62658676
484.95705725
517.28752773
549.61799821
581.94846870
614.27893918
646.60940966
678.93988015
711.27035063
614.27893918
646.60940966
678.93988015
711.27035063
678.93988015
711.27035063
743.60082111
678.93988015
711.27035063
387.96564580
420.29611628
452.62658676
452.62658676
484.95705725
452.62658676
484.95705725
517.28752773
549.61799821
549.61799821
484.95705725
517.28752773
484.95705725
387.96564580
420.29611628
452.62658676
484.95705725
517.28752773
549.61799821
581.94846870
614.27893918
646.60940966
678.93988015
711.27035063
743.60082111
646.60940966
678.93988015
711.27035063
743.60082111
711.27035063
743.60082111
775.93129160
711.27035063
743.60082111
420.29611628
452.62658676
484.95705725
484.95705725
517.28752773
484.95705725
517.28752773
549.61799821
581.94846870
581.94846870
517.28752773
549.61799821
517.28752773
32.33047048
64.66094097
96.99141145
129.32188193
161.65235242
193.98282290
226.31329338
258.64376387
290.97423435
323.30470483
355.63517532
258.64376387
290.97423435
323.30470483
355.63517532
323.30470483
355.63517532
387.96564580
323.30470483
355.63517532
32.33047048
129.32188193
161.65235242
161.65235242
193.98282290
161.65235242
193.98282290
226.31329338
258.64376387
258.64376387
193.98282290
226.31329338
193.98282290
32.33047048
64.66094097
96.99141145
129.32188193
161.65235242
193.98282290
226.31329338
258.64376387
290.97423435
323.30470483
226.31329338
258.64376387
290.97423435
323.30470483
290.97423435
323.30470483
355.63517532
290.97423435
323.30470483
64.66094097
161.65235242
193.98282290
193.98282290
226.31329338
193.98282290
226.31329338
258.64376387
290.97423435
290.97423435
226.31329338
258.64376387
226.31329338
32.33047048
64.66094097
96.99141145
129.32188193
161.65235242
193.98282290
226.31329338
258.64376387
290.97423435
193.98282290
226.31329338
258.64376387
290.97423435
258.64376387
290.97423435
323.30470483
258.64376387
290.97423435
96.99141145
193.98282290
226.31329338
226.31329338
258.64376387
226.31329338
258.64376387
290.97423435
323.30470483
323.30470483
258.64376387
290.97423435
258.64376387
32.33047048
64.66094097
96.99141145
129.32188193
161.65235242
193.98282290
226.31329338
258.64376387
161.65235242
193.98282290
226.31329338
258.64376387
226.31329338
258.64376387
290.97423435
226.31329338
258.64376387
129.32188193
226.31329338
258.64376387
258.64376387
290.97423435
258.64376387
290.97423435
323.30470483
355.63517532
355.63517532
290.97423435
323.30470483
290.97423435
32.33047048
64.66094097
96.99141145
129.32188193
161.65235242
193.98282290
226.31329338
129.32188193
161.65235242
193.98282290
226.31329338
193.98282290
226.31329338
258.64376387
193.98282290
226.31329338
161.65235242
258.64376387
290.97423435
290.97423435
323.30470483
290.97423435
323.30470483
355.63517532
387.96564580
387.96564580
323.30470483
355.63517532
323.30470483
32.33047048
64.66094097
96.99141145
129.32188193
161.65235242
193.98282290
96.99141145
129.32188193
161.65235242
193.98282290
161.65235242
193.98282290
226.31329338
161.65235242
193.98282290
193.98282290
290.97423435
323.30470483
323.30470483
355.63517532
323.30470483
355.63517532
387.96564580
420.29611628
420.29611628
355.63517532
387.96564580
355.63517532
32.33047048
64.66094097
96.99141145
129.32188193
161.65235242
64.66094097
96.99141145
129.32188193
161.65235242
129.32188193
161.65235242
193.98282290
129.32188193
161.65235242
226.31329338
323.30470483
355.63517532
355.63517532
387.96564580
355.63517532
387.96564580
420.29611628
452.62658676
452.62658676
387.96564580
420.29611628
387.96564580
32.33047048
64.66094097
96.99141145
129.32188193
32.33047048
64.66094097
96.99141145
129.32188193
96.99141145
129.32188193
161.65235242
96.99141145
129.32188193
258.64376387
355.63517532
387.96564580
387.96564580
420.29611628
387.96564580
420.29611628
452.62658676
484.95705725
484.95705725
420.29611628
452.62658676
420.29611628
32.33047048
64.66094097
96.99141145
64.66094097
96.99141145
129.32188193
161.65235242
129.32188193
161.65235242
193.98282290
129.32188193
161.65235242
290.97423435
387.96564580
420.29611628
420.29611628
452.62658676
420.29611628
452.62658676
484.95705725
517.28752773
517.28752773
452.62658676
484.95705725
452.62658676
32.33047048
64.66094097
96.99141145
129.32188193
161.65235242
193.98282290
161.65235242
193.98282290
226.31329338
161.65235242
193.98282290
323.30470483
420.29611628
452.62658676
452.62658676
484.95705725
452.62658676
484.95705725
517.28752773
549.61799821
549.61799821
484.95705725
517.28752773
484.95705725
32.33047048
129.32188193
161.65235242
193.98282290
226.31329338
193.98282290
226.31329338
258.64376387
193.98282290
226.31329338
355.63517532
452.62658676
484.95705725
484.95705725
517.28752773
484.95705725
517.28752773
549.61799821
581.94846870
581.94846870
517.28752773
549.61799821
517.28752773
161.65235242
193.98282290
226.31329338
258.64376387
226.31329338
258.64376387
290.97423435
226.31329338
258.64376387
387.96564580
484.95705725
517.28752773
517.28752773
549.61799821
517.28752773
549.61799821
581.94846870
614.27893918
614.27893918
549.61799821
581.94846870
549.61799821
32.33047048
64.66094097
96.99141145
64.66094097
96.99141145
129.32188193
64.66094097
96.99141145
290.97423435
387.96564580
420.29611628
420.29611628
452.62658676
420.29611628
452.62658676
484.95705725
517.28752773
517.28752773
452.62658676
484.95705725
452.62658676
32.33047048
64.66094097
32.33047048
64.66094097
96.99141145
32.33047048
64.66094097
323.30470483
420.29611628
452.62658676
452.62658676
484.95705725
452.62658676
484.95705725
517.28752773
549.61799821
549.61799821
484.95705725
517.28752773
484.95705725
32.33047048
64.66094097
96.99141145
129.32188193
64.66094097
96.99141145
355.63517532
452.62658676
484.95705725
484.95705725
517.28752773
484.95705725
517.28752773
549.61799821
581.94846870
581.94846870
517.28752773
549.61799821
517.28752773
96.99141145
129.32188193
161.65235242
96.99141145
129.32188193
387.96564580
484.95705725
517.28752773
517.28752773
549.61799821
517.28752773
549.61799821
581.94846870
614.27893918
614.27893918
549.61799821
581.94846870
549.61799821
32.33047048
64.66094097
64.66094097
96.99141145
355.63517532
452.62658676
484.95705725
484.95705725
517.28752773
484.95705725
517.28752773
549.61799821
581.94846870
581.94846870
517.28752773
549.61799821
517.28752773
32.33047048
96.99141145
129.32188193
387.96564580
484.95705725
517.28752773
517.28752773
549.61799821
517.28752773
549.61799821
581.94846870
614.27893918
614.27893918
549.61799821
581.94846870
549.61799821
129.32188193
161.65235242
420.29611628
517.28752773
549.61799821
549.61799821
581.94846870
549.61799821
581.94846870
614.27893918
646.60940966
646.60940966
581.94846870
614.27893918
581.94846870
32.33047048
355.63517532
452.62658676
484.95705725
484.95705725
517.28752773
484.95705725
517.28752773
549.61799821
581.94846870
581.94846870
517.28752773
549.61799821
517.28752773
387.96564580
484.95705725
517.28752773
517.28752773
549.61799821
517.28752773
549.61799821
581.94846870
614.27893918
614.27893918
549.61799821
581.94846870
549.61799821
161.65235242
193.98282290
193.98282290
226.31329338
193.98282290
226.31329338
258.64376387
290.97423435
290.97423435
226.31329338
258.64376387
226.31329338
32.33047048
32.33047048
64.66094097
32.33047048
64.66094097
96.99141145
129.32188193
129.32188193
64.66094097
96.99141145
64.66094097
64.66094097
96.99141145
64.66094097
96.99141145
129.32188193
161.65235242
161.65235242
96.99141145
129.32188193
96.99141145
32.33047048
64.66094097
96.99141145
129.32188193
161.65235242
161.65235242
96.99141145
129.32188193
96.99141145
96.99141145
129.32188193
161.65235242
193.98282290
193.98282290
129.32188193
161.65235242
129.32188193
32.33047048
64.66094097
96.99141145
96.99141145
32.33047048
64.66094097
32.33047048
32.33047048
64.66094097
64.66094097
64.66094097
96.99141145
64.66094097
32.33047048
32.33047048
96.99141145
129.32188193
96.99141145
64.66094097
129.32188193
161.65235242
129.32188193
129.32188193
161.65235242
129.32188193
32.33047048
64.66094097
96.99141145
